Params: true DELETE_POLICY
721694
751319
750439
1752822
778007
780017
860514
847557
814013
751911


Params: true INSERT_POLICY
0
0
0
0
0
0
0
0
0
0


Params: true UPDATE_POLICY_DELETE_CONDITION
1159248
1195193
954366
2001964
914092
931763
1052339
1146314
853857
919143


Params: true UPDATE_POLICY_EDIT_CONDITION
998339
1165263
1100243
1185481
1140560
1115756
1826440
2451571
1662810
1208308


Params: true UPDATE_POLICY_INSERT_CONDITION
499203
422916
482193
1851374
537508
416322
378667
441083
476369
386422


Params: false DELETE_POLICY
1025128
953919
967346
977066
923512
912777
1326379
1078147
1112831
1359647


Params: false INSERT_POLICY
526655
537273
474711
1139633
434818
636744
464914
457598
538113
479797


Params: false UPDATE_POLICY_DELETE_CONDITION
934218
3723920
886836
882840
1094336
6949663
1208766
1549726
1646324
1030105


Params: false UPDATE_POLICY_EDIT_CONDITION
17048620
1616114
11772379
28926501
13804082
1157462
17021702
13956466
15346942
12802464


Params: false UPDATE_POLICY_INSERT_CONDITION
1713128
2205778
1070078
597635
670237
678937
652736
1335713
730655
678516
