Params: true DELETE_POLICY
1334617
1293974
1295888
1383741
1306654
1320488
1485034
1296954
1309224
1243966


Params: true INSERT_POLICY
1114441
1131691
1112145
1172175
1184400
1125420
1151057
1114676
1173618
1129047


Params: true UPDATE_POLICY_DELETE_CONDITION
1408235
1368072
1620830
1521424
1460428
1394501
1471987
1452162
1552036
1405196


Params: true UPDATE_POLICY_EDIT_CONDITION
1313613
1514766
1819621
1278204
2084930
1322008
1318054
1251866
1710878
1307744


Params: true UPDATE_POLICY_INSERT_CONDITION
1678867
1620520
1715793
1662056
1721002
1564496
1583681
1579313
1657823
1556705


Params: false DELETE_POLICY
1433261
1361864
1402878
1426332
1391797
1405718
1370729
1426171
1394779
1476112


Params: false INSERT_POLICY
1816599
1674845
1546428
1608576
1597675
1744520
1595784
1965297
1573378
1870896


Params: false UPDATE_POLICY_DELETE_CONDITION
1294653
1374872
1338837
1277264
1352102
1418385
1392323
1454374
1372324
1371198


Params: false UPDATE_POLICY_EDIT_CONDITION
1409928
1351946
1361294
1781590
1318418
1342070
1401619
1381669
1432774
1413570


Params: false UPDATE_POLICY_INSERT_CONDITION
1716769
1690024
1752717
1714100
1936147
1754203
1907469
1701890
2210620
1739625