 true DELETE_POLICY
9126067
9242164
9111620
10742650
9275416
10181435
9662061
9961866
9181590
9080173


10 true INSERT_POLICY
9354832
9652600
9515510
10354850
9566883
9599293
10022689
10966799
10061808
9839523


10 true UPDATE_POLICY_DELETE_CONDITION
10318696
9785118
9346375
10651264
10042451
9966702
9930949
10463280
9989938
9977600


10 true UPDATE_POLICY_EDIT_CONDITION
10137542
9918904
10718499
9579471
9385513
9134327
9996947
9553009
9495154
9210295


10 true UPDATE_POLICY_INSERT_CONDITION
9718042
9335276
9620943
9692299
11972258
9705456
9926898
9549151
9936282
9857807


10 false DELETE_POLICY
9311809
9198266
9362467
9384958
9443259
8952403
9157869
9518902
9269838
9416627


10 false INSERT_POLICY
9627045
9732473
9722334
10451575
9509194
10355239
9985839
9740625
10273178
9700030


10 false UPDATE_POLICY_DELETE_CONDITION
9762724
10152013
9923583
10554533
10962827
11029460
10611261
10759362
10192972
10602813


10 false UPDATE_POLICY_EDIT_CONDITION
9565838
10009583
9414128
10099234
9542181
10178232
9948049
9544571
9249792
9667580


10 false UPDATE_POLICY_INSERT_CONDITION
10209460
9863283
10142061
10089287
10203010
9971475
11027137
9768505
10154959
10034246