 true DELETE_POLICY
10964161
9654017
9364529
9447534
9435655
9072160
9356248
9361579
9910266
9553298


10 true INSERT_POLICY
9928889
9792266
9950643
9656056
9480246
10270732
10190818
9539623
10003870
9279983


10 true UPDATE_POLICY_DELETE_CONDITION
10244784
10368940
10056808
9467660
9488239
10540127
9700751
9671032
10095014
10263218


10 true UPDATE_POLICY_EDIT_CONDITION
9550228
9309715
9393372
9556508
9663496
9854480
9224798
9822375
9398806
9323784


10 true UPDATE_POLICY_INSERT_CONDITION
9927915
9572820
9982428
10228325
9888486
9703202
9635446
9790894
9771446
9373698


10 false DELETE_POLICY
9434448
9289019
9994873
8729633
9142817
9761107
9435221
9691434
8911274
10589498


10 false INSERT_POLICY
9596863
9086718
11542455
9740674
9873229
10015087
9605727
10224310
9575204
9821619


10 false UPDATE_POLICY_DELETE_CONDITION
10524705
12569329
10934279
10078309
10337558
10829733
10357566
11004928
10043953
10232235


10 false UPDATE_POLICY_EDIT_CONDITION
9382931
9398358
9859520
9926809
9705588
10668997
9547160
9564925
9758987
10356807


10 false UPDATE_POLICY_INSERT_CONDITION
10073526
10952941
9813524
10356418
9702460
10217816
9908196
9712250
9601000
10088874