 true DELETE_POLICY
9316417
8867105
9827937
9747840
10242506
9529408
10034328
8950006
10141329
9331242


10 true INSERT_POLICY
10069097
10000101
9830732
9516538
9546975
9291978
9667606
9524839
9594169
9694890


10 true UPDATE_POLICY_DELETE_CONDITION
9566810
9629027
10434548
10112161
9817886
9927891
9475729
10087518
10039684
10181477


10 true UPDATE_POLICY_EDIT_CONDITION
9277057
9432700
9962902
10047574
9462289
10079798
9542825
10289916
9149168
9359688


10 true UPDATE_POLICY_INSERT_CONDITION
9655684
10313884
10009545
10049398
11068277
9753385
9928855
10107354
9591432
9420641


10 false DELETE_POLICY
9067429
9768018
9444689
9442610
9076319
9661605
9606601
9730541
10443905
9292096


10 false INSERT_POLICY
9458479
9515303
9629194
9972484
9621069
10776472
9979115
9439419
9581079
10414020


10 false UPDATE_POLICY_DELETE_CONDITION
10435623
9702196
9996435
9369601
10888963
10677849
10949963
10310465
11354092
9895947


10 false UPDATE_POLICY_EDIT_CONDITION
9538352
9987661
10302994
9889867
9730405
10129574
9565004
9862380
9631925
9886820


10 false UPDATE_POLICY_INSERT_CONDITION
9778836
10511436
9957138
10261325
9924682
10197900
10111295
9999995
10459380
9740405